0,-460.59213
1,-452.99457
2,-442.36859000000004
3,-427.51489000000004
4,-407.69696
5,-382.81232
6,-353.36287999999996
7,-320.19965
8,-284.13982999999996
9,-245.70598999999999
10,-205.1727
11,-162.72824
12,-118.49508999999999
13,-72.44193
14,-24.32767
15,26.23978
16,79.63828000000001
17,136.06063999999998
18,195.42166
19,257.33701
20,321.12912
21,385.80026000000004
22,449.98019000000005
23,511.95792
24,569.88306
25,622.03687
26,666.97266
27,703.57104
28,731.2312
29,750.21582
30,761.8557099999999
31,768.2629400000001
32,771.5776400000001
33,773.33435
34,774.38281
35,775.10559
36,775.59741
37,775.83545
38,775.86133
39,775.8122599999999
40,775.80908
41,775.87756
42,775.97253
43,776.04309
44,776.0905799999999
45,776.17651
46,776.36755
47,776.65918
48,776.9718
49,777.23816
50,777.46594
51,777.72388
52,778.09875
53,778.6666299999999
54,779.49365
55,780.66187
56,782.2764900000001
57,784.46118
58,787.39734
59,791.4187
60,797.09766
61,805.24109
62,816.75293
63,832.3743900000001
64,852.4137
65,876.6682099999999
66,904.62231
67,935.7363300000001
68,969.5936300000001
69,1005.8752400000001
70,1044.2999300000001
71,1084.63391
72,1126.7648900000002
73,1170.75708
74,1216.82324
75,1265.23645
76,1316.2207
77,1369.8474099999999
78,1425.9796099999999
79,1484.2951699999999
80,1544.32324
81,1605.41821
82,1666.69531
83,1727.0141600000002
84,1785.0329600000002
85,1839.3125
86,1888.41772
87,1930.99292
88,1965.87402
89,1992.3391100000001
90,2010.47534
91,2021.4350600000002
92,2027.22852
93,2030.0026899999998
94,2031.3225100000002
95,2032.00073
96,2032.35449
97,2032.4834
98,2032.46802
99,2032.4428699999999
100,2032.5324699999999
101,2032.7717300000002
102,2033.0798300000001
103,2033.3300800000002
104,2033.4670399999998
105,2033.54272
106,2033.6516100000001
107,2033.88647
108,2034.29907
109,2034.8078600000001
110,2035.22437
111,2035.4541
112,2035.57788
113,2035.73438
114,2036.00366
115,2036.38745
116,2036.86011
117,2037.4187
118,2038.08252
119,2038.8835399999998
120,2039.8762199999999
121,2041.1535600000002
122,2042.85107
123,2045.14868
124,2048.29907
125,2052.69995
126,2058.96094
127,2067.88354
128,2080.31787
129,2096.92383
130,2117.93799
131,2143.04419
132,2171.41943
133,2202.00415
134,2233.8559600000003
135,2266.27637
